  526

· 812242νὲ2222. 11226628. 39. 42. 36.
264. 226. 227. 234. 234. 277. 279.
282. 282. 287. 293. 379. 433. 466.
262. 222. 222. 222· 228. 229·Ι 282
, 28.6229·ν926.
11122922,122612. 437.

“ Fogelius'‚... 274. 374.
· 8612122,1612266Ρ16122. 38. 332.

fontaine, 8162212. 234. .

1162222222. 398.

fontana, Gregorio. 83. 363.

216 1122222229, 29. 267. 232. 238.
282. 222· 292. 222. 296· 44⁶· 292

· 21612222, ’223. 427.

11221122, . .. 66. 426.
216 1162221242. 12222 Ρ261 (1226213226. 26.

22. 22· 6292. 92. 229· 292. 298.

262. 264. 263. 267. 268. 226. 222.

224228. 222. 233. 236. 469. 422.

,222. 228. 222. 222. 299. 299· 222.

50²· 503· 504· 507· ⁵3²·-
Fracastorss ... 326.

’ 1122211122, Beniamin. 37. ,

x Frantz, Ioseph. 326.
⁸Ureret, 11126122. 43. 262.
Μμίαςζ 1612266 66221121). 227.

’ 11212212,16122661.266122221. 3. 339.

'. “ 182121.Ρ2616. ’22. 26. 68. 88. 154·

236. 328.Ι
’ fuller, 11622. 328.

· fuss, 11126122. 7. 88. 267. 368. 369.

, 222. 298· »

...-..-

Gabry, Ρ12222. 33. 324. 426.
66212112,122612. 69. 266.
6612,116462. 376.

(121122, 279. 324. 393.

“ 212 (12222126, 11122262 82226616 233.
’ · 233. 246. 289. 276.

(1222222211, (121612. 436.

aoraton, 16224212. 422.
(122212,.’..432. ·

: (1221422242, 82264612Ρ121119322 8626166.
28. 22. 22. 22. 22. 226· 222. 299.
266. 262. 262. 263. 264. 263. 266.

Iudex. [1222222222.1 ἶ ,

267. 268. 222. ῗ232. 262. 469. 426.
⁴¹¹2 222· 422· 222. 222· 228· 286.
(1222223222. ... 363.
(122611. 862622. 32. 236. 266. 276.

228. 222. 222· 229.

’ 06227272, lohannes. 463.

(1222212122, 279. 286. 396. 427. ’

2. (1262122, Ρ22... N... 364. 369.

16 62222122, 8212126 1812212. .22.· 246.

216 6222222222, ... 376. 496. 497.
499· 100·

12 (1222221, 661112662616224212 11722122·
21261266 Baptista. 2. 4. 26. 27.
34. 32. 33. 36. 224. 223. 226., 226.
236. 242. 232. 286. 296. 339. 346.
222. 222· 222· 222· 222. 282. 292.
222· 282. 288. 222. 222.

(12221222, Christian Ludwig. 33. 392.

(1216292122, Franz. 46. 93. 264. 222.

223, ,226. 223. 229. 434.

(12222222. Franz 16227212. 42.

1112224. (1112111221, Antonio. 292. N

Ginge, 86212. 226. 328. ·

(1122122. Ν112. 69. 426. 426.

216 Glos, ... 269. 274. 397. 322ζ
323.

62211229. Thomas. 362.
Δ (iodim 162212. 4. 2ο. 28. 86. 82. 89.

222. ¹95· 296. 292. 298. ²01· 222·
³⁵4.- 226· 429. 292. 299· ’
6632212, 329.
0212122222, 262.
(1622121122. 16126. 443. 462. 469. 477,
Gongh, 1112122221. 376.
(1222221622, 11612222. 248. ,
(122242, 3. 29. 96. 267. 222. 223.
232. 278. 279. 272. 324. 362. 322.
(12612622. Georgo. 32. 32. 297. 298.
299. 266. 239. 463. 468. 469. 426.
6261222222,1112122221. 366.
(1612622632, loseph 1262212. 3.-22. .
22. 28. 29. 22. 23. 64. 234. 266.

2 36. 362. 367. 369. 387. 326. d
· ο

 

