11111141 1111116111.. -

Deguigues, 8111. 71

1111116111, Winiam. 77. 186. 188. 164.
114. 111. 1185119. 491. 411. 500·

Desaguliers. John Theophilus. 81.
171.

1111161111, 116111. 17.·

1111116411, 166. 169. 117. 117.
116 111. 114198114. 111.

Desmarets. 77.

11111611. 1616111111. 117. 171. 711.
711. 717.

11111111.81111111, 194.

11611111, Georg Samuel. 766. ,

11611116....719. ·

-Πο1161111, Peter. 761. 764. 767.

1169911111111-1. 1111161111 Gabriel. 789.

Dorta, 861116 8611111116. 174. 117.
16 .

001119.1111111. 318.

Π6111111·1,(ἶο1116111. ς. 96.

Doz. Vincent. 77.

1111111111. 161.

111111ίὲ41. 1... Chr... 8111111. 799.

1111164141. 1116161111111461116111 11661.
17. 18. 76. 49. 76. 71. 66. 117.
114. 177. 178 148.196.“197. 196.
³30- 411. 461. 461. 411. 414. 411.
416. 411. 418. 486. 1111.

11111111,51111111.1. 78. 67. 171. 179.

’ 169. 116. 147. 771. 418419.

Π11111116111..1111111111. 1171. 161. 177.

, 1114. ·

Durarus, Samuel. 476.

Dum, Jacob. 411.

1111161, Peter. 358.

Π9111111111,16164111. 717.

1111111611. Georg Chrint. 17. 178.
181. 196

Ε1111111161111, 1111111111 caspar. 181.
199·

Ε1111111. 11... 1111. .. 717.

1131111611. 8111116111. 8. 19. 11. 47. 79.

88. 117. 117. 161. 441. 466. 487.

53¹·
161117.

Ε1111611, 161111. 768.
Ε11161.ΤΙ1611116. 161.
Ε111611,11’11111111. 166.

1131111111. Pehr. 117. 141. 766. 464.’Ι
Ε117411111611.1111. 87. ’ “
Englrfirld, Henry (11161168. 461.
11111111. Valentia. 711.

1111111. 168.

’ Emer, canl. 11.

Ε14117, Christoph. 70. 177.

Ε111ν,111116111·.61111111. 9. 16.11. 871
177. 161. 776. 776 786. ’

11211111. Leouhard. 8. 9. ,11. 11. 17.

17.18.16.17. 87. 87. 86. 87. 91. “ ·

96. 176. 171. 177. 178. 179. 167. ,
167 167119. 141. 178. 187186.
1691111. 169. 119. 118. 141. 164.
181. 188. 390· 411. 411. 4481111.
496. 509· 5¹0· 114. .
Eming, 161111. 77. 71. 77. 161. 761.

*-

Falck. 81111611. 46. 41. 114. ²²5· 226. ι

114. 411· 414. 416.
11111611, 1111111611 74. ,
1114111611, lamen. 44. 64. 167. 769.
191419. 496·
Fermr, Benedict. 79. 69.
chter, [11611161161101111111111. 87. 119.
611111111ῗ616611. 166. 161. 164. 166.

169.111.118.111.117.116119 · .

171.177.176. 141. 141. 147. 181.

181· 189. 259· 161. 116119191.

461191. 4111. 114. 116. 161. 111.
1e⁵F¹rss're⁵‚¹.⁵.. 181. 117. 171. 764.
Filxmilnc-r. Placidus. 17. 79. ᾗ

1161111166, John. 17. 78. 176. 171.
169. 169111. 116. 111. 118 111
.177.178,147.147. 171177176.

177. ²59 161. 167188197. 199. '

111116111. 111. 184. 194. 191.

196 199. 416. 419. 181. 486111. ’

714- .
Υ11

 

Flauger- - .

