hhxdmnnu gg.

39161614...0141.·4114.99
ΒΗΜΛ 811911 ,

16111,..1119118.4. 4ος..
Barna, william. 176.
Ι81111·911311.461111. 193. ·
Burrum, 8811111911. 96. 118, 148179.

144164. 1411 191.· 191. nus-205»
197. 198. 199. 119..111..,113. 111.

· 131.136,137.147. 143. 144194. “
191.-191. 1961111119. 111. 111.
111. 111. 111.,116. 111. 119. 168
386. 3,87..499. 419. 413. 417, 4191
111. 111. 1191111111. 191. 161.
461111 181 189 4⁵³9 116111

,83.13.9.141. 194, 393. 341. 389. 69111111.]1191111. 19. 11. 17 18 11
· 111.18.191111811111119691-
δ911011661, [6199111 [91ιί1. 31. 34. 81, 81. 84. 99. 94. 97 1-.44 134. ·

16.11. 11. 11. 99. 111611. 111. 118. 111. 181 181186181

···-···

·8141111.1.1111.1.. 16. 11. 41. 49.

79. 97. 191. 194. 198. 118. 119.
114.1.18-.139’. 134. 149146. 147.
1691641617. 191. 194. 196191.
198. 199. 119. 131. 144134136.

j 147. 1391471166. 181. 183. 188Μ

. 189191Ι 161· 119111. 119. 111.
111. 111.111.116.116.111.118.
111. 111. 111. 118. 1111181191
161. 168186. 191. 116. 119. 111.

·. 116. 111.,111. 111. 111. 118161.

188. 189, 199. 191. 191. 194194.-
196. 197. 198.199. 199194, 210-
134. 136. 149141. 146148. 191.
143164. 166. 181184189. 194.

’191.111. 118· 111. 118. 119. 119.
. 111. 111. 168. 111.-116. 111118.

379. 389. 384, 384. 499. 491. 491.Ι
1111111111. 116. 111. 198. 409.- 2
1111118111. 111. 118. 119. 116.
161. 181. 191. 161. 111. 111 116.

· 469. 1684161111. 189. 481. 484. Cossini, Jean [1911111411. 1. 1. 4. 6.
484. 493. 411. 416. 4174181419. 9. 16. 1919. 14. 1819. 31146.
9114111141.. < · 11161811.11111118.
68 616186. 30¹· 161. · 86 9ο, 94. 91. 991 199. 191. 191.
06811886.θὶ88811418.144..194. 193. 194194. 196. 199. 119, 111.
Caenus, 0611111811111119 691111. 76.
Canum. 8111111119, 93. ·
6999119191, sebastianus. 69.
8111141111.. 48. 67. 414.
Capussa, Dominico. 193.
Carbone. 4961111191814111911. 78. 111.
111. 191. 191. 111116116111.
emani. Maria. 44. 167.

113. 114. 114. 116. 117. 118, 111.
111.113.114. 114, 117.118. 119.
111 111. 114. 116. 111. 119 119.
144149, 149169. 179. 171. 171.
17ς.176.177. 178.189.181.181.
183. 184184 186.-187.131. 131.
111. 116. 119. 111. 111. 111. 116.
147.141.1ςι.147.,148. 149161. “·
earlier. 499. 164164 171.113.174.176.181.
09111111, 6111194199. 461. 479. 487. 184188194194.1941911198.

,·,490 , 199. 396. 399. 411, 313. 314. 314.
Cassium ,m 116. 166 119..116.111.111.111.111.111.111.

·.111 186 191. 118 111119116. 111.118.161.161.168111. 111.

441119 111 111 118 119 111116. 118181. 181181. 181
61111111,(31111811114111169Τ111119,3893616391.34ς.396.397.398.
400 191111. 111111. 111161- . ·
169 411. 181. 181- 188. 196191.
319. 3143111513. 331.

’ 0111116111,

11.11.1-.1111..11.61.11.
4441... 194.196·.1ο7. 119.

114116114134136139144.

 

