ss 446 -

144644 Annorum,

1den‘tste,1000ph19÷00122. 25, 2⁶. 444444, 444444... 4. 44. ι.. 44.

..70. 76. 77. 94. 444. 444. 479 490,
407. 409. 440. 474. 440. 446. 477.

69.6 64. 444. 464. 496. 466. 466.
46 .

.464.467,466.480.744.744. 747. 11141144,144(74444(144441) 8444146. 70. ·

466. 446. 444. 464 469. 446Ι 496.
. 477. 464. 464. 446. 444. 464. 464.
“ 4145111414, bouis. 79. 477. 464 476,
641114,144444 0-7.

’ 6144447714..47,6.1644 1414414144. 64.

1109614144. 449

““ logan, 1444444. 474. 774. 704,
, 1044871416, John. 477. 747.

Lous. 11444 4444441441 448, 464, 709.

de 1.·04441114, 14447444 Euo gene 4181·

1044761114. 474. 497 7744.. 774 767

446. 496 464. 449 446. 494.
, ¹ 704. 707.
Lotum, Georg Mauritius. 70. 677.

,4411414444444

1146144444, 1111111414. 67. 444. 448. 490.

496. 466·
14414441,1441444.77.74. 464.

14441414,1441444444. 77. 77, 78. 444. 447.

146. 744. 446. 448. 444.

“ cardinal 410 14474444, l'aul 41616444.

⁶0. 449. 440. 444. 744.

’ 1744471160ῐρ4. 94. 467 777
114417 Mac clfsfirld„
140441 Macclesfield,n
1414414144, John. 4.
Mucium„ 84464444, 447,
1144414444νί44, holin 444. 747, 409⁴
Μ4614044,1444444 44. 446. 464. 770,
Magn, william 67.

.464.
.464.

‘ 1114147704.. ,99
. 6011141444 144414444444 60410444.

44 44. 44. 66 89 644 644 94
749. 749. 779. 781784. 787. 400.
Μαίη, ,.. 400.
Maia, christophor. 407, 447.

74. 448. 474. 444. 477. 449 469. ⁷
69Ι 696 464. 446. 464. 444. 444.
⁴⁷} 4486 444. 466. 496. 464.
74 74 ·
11144144611144444141444. 74. 74. 74. 84.
97. 487. 484. 486, 494. 497. 498.
699. 644. 644. 664466. 468. 446.
4644 496. 499464. 464. 466. 464.
469 466 4¹¹ 444 446. 444. 444.
de 11444444,. ..60 444. 447 447. ’
Μ4441411,. ,. 47. 77. 49, 77. 79,
67. 78.ι 89. 407. 444. 4440. 404.
407. ²04· 407. 407. 409. 440.· 444
444. 447. 447, 440. 444. 447, 460,Ι
468. 469. 470. 474. 478. 479. 486.
484. 484.. 484.Ι 748. 749. 740. 744.
464. 464. 466 464. 469466. 464.
466. 464. 466. 464. 444. 446Ι 449.
484. 487. 494. 746. 744. 447. 746.
Μ44444161. 1444744441141117744. .4. 7ο,Ι
74. 44, 44. 77, 444. 477. 474. 484, .
487. 484 487. 486. 487. 488. 489. .
490. 494, 494. 497. 497. 470. 474.
644. 649644644. 646. 646. 644.
477. 476 477 464. 474. 477. 484.
484. 487. 747. 746. 747. 748776.
446. 449496. 466466. 466. 464.
464. 464. 446. 444. 446. 444. 446.
446. 446. 446Ι 449. 466.
(141144344416, . . . 74.
1114414441, lohannes 14401444, 496.
1114441411, Η444447414449. 777.
Martinus. Peter, 498,
,1144141944110411 6. 8. 67. 67. 74.

79. 85. 404. 444. 447, 474, 447,
476. 478. 464. 467. 444. 448. 464.
644. 644. 444. 444, 444. 466. 468.
447. 474, 488. 704. 707. 768. 744,
565.

601141414411144144.74746798, 1114444,01444144. 8. 79. 447. 474.

11141147, ,.. 760,

. 149·409· 708, 521.5²²· 5²³·

 

1414414444. ’ ·

